ncpu        =         12
ndim        =          3
levelmin    =          5
levelmax    =          9
ngridmax    =     100000
nstep_coarse=        483

boxlen      =  0.191405298315250E-01
time        =  0.900162754168580E-04
aexp        =  0.100000000000000E+01
H0          =  0.100000000000000E+01
omega_m     =  0.100000000000000E+01
omega_l     =  0.000000000000000E+00
omega_k     =  0.000000000000000E+00
omega_b     =  0.450000017881393E-01
unit_l      =  0.308000000000000E+19
unit_d      =  0.383460000000000E-23
unit_t      =  0.197732040946880E+16
mu_gas      =  0.231000000000000E+01
ngrp        =          0
nent        =          0
npscal      =          1
nextinct    =          0
ndust    =          0

ordering type=hilbert                                                                         
   DOMAIN   ind_min                 ind_max
       1   0.000000000000000E+00   0.164433920000000E+09
       2   0.164433920000000E+09   0.286823936000000E+09
       3   0.286823936000000E+09   0.292148472000000E+09
       4   0.292148472000000E+09   0.459374592000000E+09
       5   0.459374592000000E+09   0.483392576000000E+09
       6   0.483392576000000E+09   0.536903680000000E+09
       7   0.536903680000000E+09   0.701304832000000E+09
       8   0.701304832000000E+09   0.823694848000000E+09
       9   0.823694848000000E+09   0.829019384000000E+09
      10   0.829019384000000E+09   0.971616256000000E+09
      11   0.971616256000000E+09   0.982103384000000E+09
      12   0.982103384000000E+09   0.107374182400000E+10

ir_cloud    =          4
eos         =          0
write_cons  =          0
