ncpu        =          4
ndim        =          1
levelmin    =          3
levelmax    =         10
ngridmax    =       2000
nstep_coarse=          0

boxlen      =  0.100000000000000E+01
time        =  0.000000000000000E+00
aexp        =  0.100000000000000E+01
H0          =  0.100000000000000E+01
omega_m     =  0.100000000000000E+01
omega_l     =  0.000000000000000E+00
omega_k     =  0.000000000000000E+00
omega_b     =  0.450000000000000E-01
unit_l      =  0.100000000000000E+01
unit_d      =  0.100000000000000E+01
unit_t      =  0.100000000000000E+01

ordering type=hilbert                                                                         
   DOMAIN   ind_min                 ind_max
       1   0.000000000000000E+00   0.512000000000000E+03
       2   0.512000000000000E+03   0.102400000000000E+04
       3   0.102400000000000E+04   0.153600000000000E+04
       4   0.153600000000000E+04   0.204800000000000E+04
